50000
1200
10
1 2 3 4 5 6 7 8 9 10 END

2000000
1200
9
1 3 05 007 0009 END

50000
1200
10
11 12 13 14 15 16 17 18 19 20 END

2000000
1200
5
15 13 16 7 4 9 17 END

2000000
50
3
15 13 14 91 92 83 END

2000000
1200
10
21 22 23 24 25 26 27 28 29 30 END

50000
1200
5
102 105 107 120 125 END

2000000
1200
7
35 34 36 37 38 39 40 END

2000000
1200
105
1 2 3 4 5 6 8 19 29 16 23 24 25 26 END

50000
1200
3
200 201 203 205 204 END

50000
1200
3
31 32 33 END

2000000
1200
7
41 42 43 44 45 46 47 END

50000
1200
13
48 49 50 51 52 53 54 55 56 57 58 59 60 END

2000000
1200
20
80 81 82 83 84 85 86 87 88 89 90 91 92 93 94 95 96 97 98 99 END

200000
1200
3
61 62 63 END

2000000
1200
15
64 65 66 67 68 69 70 71 72 73 74 75 76 77 78 END

50000
1200
2
79 100 END

50000
1200
3
80 81 82 85 90 30 32 33 END

2000000
1200
120
80 83 84 95 END
