50000
120
10
1 2 3 4 5 6 7 8 9 10 END

2000000
120
9
1 3 05 007 0009 END

50000
120
10
11 12 13 14 15 16 17 18 19 20 END

2000000
120
10
21 22 23  24 25  26 27 28 29 30 END

2000000
120
7
35 34 36 37 38 39 40 END

50000
120
4
30 31 32 33 34 35 END

2000000
120
7
41 42 43 44 45 46 47 END

50000
120
13
48 49 50 51 52 53 54 55 56 57 58 59 60 END

2000000
120
20
80 81 82 83 84 85 86 87 88 89 90 91 92 93 94 95 96 97 98 99 100 END

200000
120
3
61 62 63 END

2000000
120
15
64 65 66 67 68 69 70 71 72 73 74 75 76 77 78 END

50000
120
1
79 END

2000000
120
4
80 83 84 95 END

50000
120
10
1 2 3 4 5 6 7 8 9 10 11 12 13 14 15 16 17 18 19 20 END

2000000
120
1
58 END

200000
120
2
43 44 53 54 END

2000000
120
10
7 17 27 37 47 57 67 77 87 97 26 28 29 30 END

50000
120
2
1 2 END

2000000
120
25
31 33 15 17 19 END

50000
120
5
1 12 23 34 45 END

2000000
120
10
1 3 5 7 9 END

200000
120
2
100 99 END

2000000
120
150
1 21 13 44 END

50000
120
1
1 11 55 81 91 END

50000
120
10
41 42 43 44 40 46 47 48 49 60 76 61 END

50000
120
10
1 2 3 4 5 6 7 8 9 10 END
