50000
120
10
1 2 3 4 5 6 7 8 9 10 END

2000000
120
9
1 3 05 007 0009 END

50000
120
10
11 12 13 14 15 16 17 18 19 20 END

2000000
120
10
21 22 23  24 25  26 27 28 29 30 END

2000000
120
7
35 34 36 37 38 39 40 END

50000
120
4
30 31 32 33 100 END

2000000
120
7
41 42 43 44 45 46 47 END

50000
120
13
48 49 50 51 52 53 54 55 56 57 58 59 60 END

2000000
120
20
80 81 82 83 84 85 86 87 88 89 90 91 92 93 94 95 96 97 98 99 END

200000
120
3
61 62 63 END

2000000
120
15
64 65 66 67 68 69 70 71 72 73 74 75 76 77 78 END

50000
120
1
79 END

2000000
120
4
80 83 84 95 END

2000000
120
10
21 22 23  24 25  26 27 28 29 30 END

2000000
120
7
35 34 36 37 38 END

50000
120
22
30 31 32 33 100 END

2000000
120
77
41 42 43 44 45 46 47 END

50000
120
13
48 49 55 56 57 58 59 60 END

2000000
120
20
80 81 82 83 84 85 86 87 88 89 90 91 92 93 94 95 96 97 98 99 100 END

200000
120
3
61 62 63 200 END

2000000
120
15
64 65 66 67 68 69 70 71 72 73 74 75 76 77 END

50000
120
1
79 102 END

2000000
120
4
80 83 84 95 END

2000000
120
7
35 34 36 37 38 END

50000
120
22
30 31 32 33 100 END

2000000
120
77
41 42 43 44 45 46 47 END

50000
120
13
48 49 55 56 57 58 59 60 END

2000000
120
20
80 81 82 83 84 85 86 87 88 89 90 91 92 93 94 95 96 97 98 99 100 END

200000
120
3
61 62 63 200 END

2000000
120
15
64 65 66 67 68 69 70 71 72 73 74 75 76 77 END

50000
120
1
79 102 END

2000000
120
7
35 34 36 37 38 END

50000
120
22
30 31 32 33 100 END

2000000
120
77
41 42 43 44 45 46 47 END

50000
120
13
48 49 55 56 57 58 59 60 END
