50000
120
10
1 2 3 4 5 6 7 8 9 99 END

2000000
120
9
1 3 05 007 0009 END

50000
120
10
1 2 3 4 5 6 7 8 9 10 END

2000000
120
10
1 3 5 7 9 END

200000
120
3
5 9 18 END

2000000
120
7
51 91 19 23 44 END

50000
120
4
30 31 32 33 34 35 END

2000000
120
7
11 31 32 33 55 END

50000
120
1
1 2 3 4 5 6 7 8 9 10 END

2000000
120
20
80 81 82 83 84 85 86 87 88 89 90 91 92 93 94 95 96 97 98 99 100 END

200000
120
3
66 77 13 END

2000000
120
10
1 2 4 END

50000
120
111
1 2 3 4 5 6 7 8 9 99 END

2000000
120
4
118 323 3 7 9 END

50000
120
10
1 2 3 4 5 6 7 8 9 10 11 12 13 14 15 16 17 18 19 20 END

2000000
120
1
58 END

200000
120
2
43 44 53 54 END

2000000
120
10
7 17 27 37 47 57 67 77 87 97 END

50000
120
2
1 2 END

2000000
120
25
1 3 15 17 19 END

50000
120
5
1 12 23 34 45 END

2000000
120
10
1 3 5 7 9 END

200000
120
2
100 99 END

2000000
120
150
1 21 13 44 END

50000
120
1
1 11 81 91 END
